0.666667 1 1
0.529412 0.823529 0.823529
0.333333 1 1
0.614458 0.810345 0.824561
0.222222 0.606061 0.666667
0.789474 0.909091 0.833333
0.463415 0.861111 0.882353
0.706897 0.918919 0.9
0.706897 0.868421 0.868421
0.811594 0.94186 0.941176
0.652174 0.875 0.846154
0.775701 0.932432 0.931507
0.888889 1 1
0 0.7 0.777778
0.5 1 0.777778
0.333333 0.833333 0.833333
0.971429 1 1
0.942623 1 1
1 1 1
0.981481 1 1
0.5 1 1
0.583333 0.888889 0.888889
0.822222 0.925926 0.925926
0.568182 0.783784 0.783784
0.826087 0.928571 0.928571
0.765306 0.861111 0.861111
0.214286 0.714286 0.714286
0.837838 1 1
0.670588 0.818182 0.827586
0.868421 0.97619 0.97619
0.77027 0.977778 0.977273
0.382979 0.705882 0.714286
0.5 1 1
0.636364 0.82 0.836735
0.833333 0.928571 0.928571
0.285714 0.714286 0.625
0.649123 0.836735 0.784314
0.8 0.857143 0.857143
0.45 0.722222 0.75
0.7 0.878378 0.878378
0.333333 1 1
0.652174 0.875 0.823529
0.7 0.894737 0.9
1 1 1
1 1 1
0.670455 0.883333 0.883333
0.896296 0.987013 0.987179
0.888889 0.981132 0.962264
0.384615 0.909091 0.909091
0.714286 0.875 0.875
1 1 1
0.981818 1 1
0.666667 0.869565 0.863636
0.571429 0.666667 0.666667
0.787879 0.913043 0.84
1 1 1
0.5 0.75 1
0.333333 0.666667 0.636364
0.914634 0.977273 0.977273
0.833333 0.941176 0.942857
0.747126 0.836364 0.849057
0.571429 0.791667 0.782609
1 1 1
0.5 1 1
0.692982 0.844156 0.842105
0.727273 0.9 0.9
0.614035 0.825 0.825
0.5625 0.777778 0.8
0.625 0.785714 0.857143
0.368421 0.75 0.769231
0.368421 0.75 0.769231
1 1 1
0.588235 0.853659 0.723404
0.592593 0.944444 0.944444
0.971751 1 1
0.583333 0.882353 0.885714
0.615385 0.88 0.884615
1 1 1
0.516129 0.870968 0.83871
0.533333 0.692308 0.692308
0.977528 1 1
1 1 1
1 0.927273 0.925926
1 0.938776 0.938776
0.5 0.8 0.769231
0.5 0.888889 0.888889
0.75 0.917647 0.916667
0.729508 0.875 0.873418
0.729508 0.818182 0.75
0.729508 0.818182 0.75
0.454545 0.8 0.8
0.153846 0.666667 0.666667
0.642857 0.9 0.9
0.782609 1 1
0.296296 0.692308 0.586207
0.833333 0.971429 0.972222
0.565217 0.777778 0.764706
0.4 1 1
0.72 0.875 0.875
0.97561 1 1
0.333333 0.681818 0.782609
0.941176 0.981481 0.981481
0.617021 0.85 0.846154
0.717391 0.875 0.870968
0.931973 0.973684 0.973684
0.666667 0.666667 1
0.666667 0.929577 0.905405
0.666667 0.916667 0.913043
0.723077 0.953488 0.952381
0.714286 0.913043 0.913043
0.733333 0.916667 0.915493
0.696429 0.871795 0.944444
0.5 1 0.944444
0.866667 0.954545 0.954545
0.833333 0.833333 0.722222
0.741935 0.878049 0.897436
0.551724 0.8 0.75
0.333333 0.666667 1
0.222222 0.8 0.8
0.230769 0.727273 0.909091
0.625 0.714286 0.714286
0.7 0.833333 0.833333
0.888889 1 1
0.75 0.890625 0.875
0.333333 0.833333 0.833333
0.5 0.862069 0.862069
0.458333 0.703704 0.701754
0.5 0.807692 0.8
0.880597 1 1
0.724138 1 1
0.428571 0.857143 1
0.797753 0.890625 0.888889
0.571429 1 1
0.76 0.833333 0.842105
0.789474 0.962963 0.962963
0.692308 0.857143 0.828571
0.84 1 1
0.916667 0.962963 0.962963
0.8125 1 1
0.5 1 1
0.951049 1 1
0.951049 0.877551 0.875
0.698113 0.911111 0.913043
0.62069 0.846154 0.851852
0.977778 1 1
0.653465 0.905405 0.894737
0.923077 1 1
0.793103 0.941176 0.941176
0.863636 0.974026 0.973684
0.863636 1 1
0.93125 1 1
0.795455 0.962963 0.962963
0.5 1 1
0.416667 0.818182 0.8
0.981818 1 1
0.37931 0.740741 0.62963
0.583333 1 1
0.92 0.964286 0.962963
0.685393 0.885714 0.898551
0.557377 0.78 0.764706
0.5 0.75 0.75
0.166667 0.4 1
0.666667 0.79661 0.807018
0.5 0.666667 0.5
0.5 0.823529 0.854167
0.571429 1 1
0.705882 0.84 0.833333
0.925926 1 1
0.428571 0.857143 0.666667
0.785714 0.875 0.875
0.48 0.791667 0.791667
0.5 0.75 0.75
0.729167 0.868421 0.868421
0.830986 0.977528 0.977778
0.621622 0.928571 0.896552
0.692308 0.842105 0.842105
0.5 1 1
0.5 1 1
0.684211 0.916667 0.916667
0.867647 0.897436 0.894737
0.636364 0.882353 0.882353
1 1 1
0.315789 0.823529 0.833333
0.844444 0.955056 0.955056
0.623188 0.851852 0.867925
0.770833 0.923077 0.923077
0.595745 0.891892 0.891892
0.65 0.828571 0.794118
0.908333 1 1
0.923077 1 1
0.3 0.533333 0.692308
0.444444 0.777778 0.777778
0.5 1 1
0.492063 0.714286 0.673469
0.965517 1 1
0.965517 0.804878 0.888889
0.976744 1 1
0.96 0.987013 0.987013
0.882353 1 1
0.809524 0.92 0.92
0.2 0.8 0.8
0.409091 0.772727 0.782609
0.833333 0.857143 0.714286
0.5 1 1
0.647059 0.875 0.878049
0.75 0.75 1
0.860465 1 1
0.602941 0.877551 0.875
0.691176 0.818182 0.818182
0.630435 0.870968 0.875
0.810811 0.977273 1
0.604651 0.8 0.8
0.45 0.769231 0.736842
0.285714 0.666667 0.833333
0.5 1 1
0.892857 1 1
1 1 1
0.574468 0.75 0.75
0.907692 0.971429 0.971429
0.965714 1 1
0.490566 0.918919 0.818182
0.93 0.981818 0.981481
0.584906 0.918919 0.916667
0.649123 0.842105 0.837838
0.856209 0.977778 0.977528
