12
   -2.86019    0.995598   -0.281809    0.495619    0.333761   -0.342446  -0.0570331    0.350952   -0.305768   0.0648819    0.551534    0.529743
   -0.59069    -2.89188     0.10497     0.25782 -0.00548296   -0.537144     0.18508  -0.0340994   -0.630755   -0.824713   -0.423241    0.398151
 -0.0771591     0.74108    -1.84114   -0.929158   -0.672064   -0.851678    0.888636  -0.0361284    0.218212   -0.479006   -0.340716   -0.757714
   0.639355   -0.855342  -0.0948483    -1.50439    0.660024    0.266144  -0.0981649   -0.390089    0.254316    0.754768   -0.620498    0.371572
   0.146637   -0.991677    0.374775    0.666477     -1.2221   -0.552687   -0.327298    0.424175    0.461459     0.37225    0.968726   -0.232336
   0.511162    0.846138    -0.80072    0.850753   -0.846011    -1.69774    0.695369   -0.634888   -0.343251    -0.81252   -0.992843    0.548547
  -0.896122    0.187784    0.061616    0.746543    0.299414   0.0213719    -2.13097    0.243646    0.480877   -0.777449    0.654782    0.886103
  -0.684386   -0.639255    0.514588    0.662075   -0.503912    0.942931   -0.993537    -2.91827   -0.595574   -0.276798   -0.337042    0.832546
   0.999987   -0.673737    -0.39141    0.958868    0.258959   -0.439916   -0.310114   -0.172033    -1.15817    0.153381   -0.623598    0.723834
  -0.591343    -0.21662    0.984457    0.487622   -0.541726   0.0922138    0.196963    0.391968    0.369513    -1.81358   -0.127006   -0.592904
   0.779911    0.826053    0.153942    0.806733     0.40124    0.438537    0.666487    0.347873    0.306261    0.333113    -1.08273    0.587314
  -0.749063     0.63939    0.755228    0.967191   -0.366266   -0.773439   -0.532217     0.27528   -0.485469   -0.422444    0.837861    -1.90392