1 10
1 10
2 10
2 10
3 10
3 10
8 10
8 10
9 10
9 10
10 10
10 10
11 10
11 10
16 10
16 10
17 10
17 10
18 10
18 10
20 10
20 10
21 10
21 10
22 10
22 10
23 10
23 10
25 10
25 10
30 10
30 10
31 10
31 10
32 10
32 10
34 10
34 10
36 10
36 10
37 10
37 10
40 10
40 10
41 10
41 10
46 10
46 10
47 10
47 10
51 10
51 10
52 10
52 10
54 10
54 10
57 10
57 10
58 10
58 10
61 10
61 10
62 10
62 10
64 10
64 10
66 10
66 10
68 10
68 10
69 10
69 10
70 10
70 10
72 10
72 10
73 10
73 10
74 10
74 10
76 10
76 10
78 10
78 10
80 10
80 10
84 10
84 10
85 10
85 10
87 10
87 10
91 10
91 10
96 10
96 10
98 10
98 10
100 10
100 10
102 10
102 10
103 10
103 10
104 10
104 10
109 10
109 10
112 10
112 10
114 10
114 10
115 10
115 10
117 10
117 10
118 10
118 10
122 10
122 10
126 10
126 10
129 10
129 10
130 10
130 10
132 10
132 10
134 10
134 10
135 10
137 10
137 10
140 10
140 10
146 10
146 10
148 10
148 10
149 10
149 10
151 10
151 10
152 10
152 10
155 10
155 10
157 10
157 10
158 10
158 10
162 10
162 10
164 10
164 10
166 10
166 10
167 10
167 10
169 10
169 10
172 10
172 10
173 10
173 10
180 10
180 10
181 10
181 10
183 10
183 10
185 10
185 10
186 10
187 10
187 10
189 10
189 10
190 10
190 10
191 10
191 10
196 10
196 10
198 10
198 10
199 10
199 10
201 10
201 10
203 10
203 10
204 10
204 10
207 10
207 10
209 10
209 10
210 10
210 10
211 10
213 10
213 10
216 10
216 10
218 10
218 10
223 10
223 10
226 10
226 10
227 10
227 10
228 10
228 10
230 10
230 10
235 10
235 10
237 10
237 10
238 10
238 10
239 10
239 10
241 10
241 10
242 10
243 10
243 10
246 10
246 10
247 10
247 10
248 10
248 10
250 10
250 10
252 10
252 10
253 10
253 10
255 10
255 10
257 10
257 10
259 10
259 10
262 10
262 10
263 10
263 10
266 10
266 10
268 10
268 10
269 10
269 10
272 10
272 10
273 10
273 10
275 10
275 10
280 10
280 10
281 10
281 10
282 10
282 10
283 10
283 10
284 10
284 10
285 10
285 10
288 10
288 10
289 10
289 10
291 10
291 10
292 10
292 10
294 10
294 10
296 10
296 10
301 10
301 10
307 10
307 10
308 10
308 10
309 10
309 10
310 10
310 10
311 10
311 10
314 10
314 10
317 10
317 10
321 10
321 10
322 10
322 10
323 10
323 10
324 10
324 10
325 10
325 10
327 10
327 10
328 10
328 10
333 10
333 10
334 10
334 10
337 10
337 10
339 10
339 10
340 10
340 10
352 10
352 10
356 10
356 10
357 10
357 10
360 10
360 10
363 10
363 10
365 10
365 10
367 10
367 10
370 10
370 10
371 10
371 10
375 10
375 10
383 10
383 10
385 10
386 10
386 10
387 10
387 10
390 10
390 10
391 10
391 10
392 10
393 10
393 10
394 10
394 10
395 10
395 10
397 10
397 10
398 10
398 10
400 10
400 10
401 10
401 10
402 10
402 10
403 10
403 10
405 10
405 10
407 10
407 10
411 10
411 10
413 10
413 10
414 10
414 10
415 10
415 10
417 10
417 10
418 10
418 10
419 10
419 10
421 -1
421 10
421 10
424 10
424 10
425 10
425 10
426 10
426 10
427 10
427 10
430 10
430 10
431 10
431 10
433 10
433 10
435 10
435 10
436 10
436 10
437 10
437 10
438 10
438 10
440 10
440 10
443 10
443 10
446 10
446 10
448 10
448 10
453 10
453 10
454 10
454 10
456 10
456 10
458 10
458 10
460 10
460 10
461 10
461 10
464 10
464 10
466 10
466 10
469 10
469 10
470 10
470 10
471 10
471 10
472 10
472 10
474 10
474 10
475 10
475 10
476 10
476 10
477 10
477 10
478 10
478 10
479 10
479 10
480 10
480 10
481 10
481 10
482 10
482 10
483 10
483 10
484 10
484 10
486 10
486 10
488 10
488 10
489 10
489 10
491 10
492 10
492 10
494 10
494 10
496 10
496 10
499 10
499 10
501 10
501 10
502 10
502 10
